Матрица: 
1,34	1,45	12	15	
2,72	4,96	2	36	
11	23,56	2,999	72	
81	2,36	7,18	36	

1,34	1,45	12	15	
0	2,01671641791045	-22,3582089552239	5,55223880597015		| минус 1 строка умноженная на: 2,02985074626866
0	11,6570149253731	-95,5084626865672	-51,134328358209		| минус 1 строка умноженная на: 8,2089552238806
0	-85,2892537313433	-718,193134328358	-870,716417910448		| минус 1 строка умноженная на: 60,4477611940298

1,34	1,45	12	15	
0	2,01671641791045	-22,3582089552239	5,55223880597015	
0	0	33,7263534635879	-83,2273534635879		| минус 2 строка умноженная на: 5,78019538188277
0	0	-1663,74747187685	-635,905861456483		| минус 2 строка умноженная на: -42,2911486086442

1,34	1,45	12	15	
0	2,01671641791045	-22,3582089552239	5,55223880597015	
0	0	33,7263534635879	-83,2273534635879	
0	0	0	-4741,57649274906		| минус 3 строка умноженная на: -49,330784416794


Определитель равен: 1,34 * 2,01671641791045 * 33,7263534635879 * -4741,57649274906 = -2147,483648. Точность равна: 6